2,1,3.059537707
3,1,0.051599346
4,1,0.127480738
6,1,0.25192622
1,2,3.059537707
3,2,1.214102265
4,2,0.127480738
7,2,0.403689003
1,3,0.051599346
2,3,1.214102265
6,3,0.024282045
7,3,0.051599346
1,4,0.127480738
2,4,0.127480738
5,4,5.032453887
4,5,5.032453887
6,5,0.075881392
7,5,0.024282045
1,6,0.25192622
3,6,0.024282045
5,6,0.075881392
7,6,2.555685267
2,7,0.403689003
3,7,0.051599346
5,7,0.024282045
6,7,2.555685267
